2
6
8
9
12
16
18
22
25
26
29
31
32
34
43
49
50
51
52
55
57
58
59
61
62
64
65
67
70
74
76
77
79
80
82
83
84
85
91
93
94
100
105
106
107
108
111
113
115
121
123
124
126
127
129
130
133
134
135
139
140
141
143
144
145
146
147
152
153
157
158
160
161
165
173
174
179
180
181
182
184
185
189
198
201
202
223
224
229
243
279
288
296
330
334
336
355
358
359
366
367
369
370
371
375
380
384
389
390
393
407
410
412
413
414
419
422
424
425
429
430
431
437
438
440
441
445
446
450
451
452
453
455
456
461
463
466
468
469
475
476
478
479
480
481
482
484
485
486
488
489
492
499
500
502
505
506
507
517
520
526
528
529
530
531
532
533
541
552
554
559
560
565
566
569
578
582
590
591
