3
4
7
10
11
13
14
15
17
19
20
21
23
24
27
28
33
35
36
39
40
41
48
53
63
66
68
73
75
78
86
87
88
92
95
96
97
99
109
110
114
116
131
136
137
138
142
149
150
151
155
156
159
162
163
164
170
171
172
175
178
186
187
192
194
200
205
206
207
208
209
210
212
213
214
215
216
217
218
219
220
221
225
227
230
232
233
235
236
238
239
241
242
244
245
247
248
249
250
251
252
253
254
255
257
258
259
260
261
262
263
264
265
266
270
271
272
273
274
275
280
282
283
289
290
291
292
293
294
297
298
300
303
305
306
308
309
310
311
312
313
314
315
316
317
318
320
321
322
323
324
325
328
332
333
335
337
338
339
342
345
346
347
354
356
360
361
362
363
364
365
368
372
373
374
376
377
378
379
381
382
386
392
395
399
400
401
402
403
405
406
409
428
432
433
434
435
436
439
442
454
457
458
459
460
464
467
470
471
472
473
477
483
487
490
491
493
495
496
498
501
508
511
512
513
514
518
519
522
527
534
535
536
540
544
546
548
553
555
556
557
558
561
562
563
564
567
570
572
573
575
577
585
586
592
